N      Time         Average_OB     Max_OB   Min_OB  
1000   0.0000000850 8.99           10       1       
1010   0.0000001030 9.00           10       1       
1020   0.0000000804 9.01           10       1       
1030   0.0000000786 9.02           11       1       
1040   0.0000001596 9.04           11       1       
1050   0.0000000924 9.06           11       1       
1060   0.0000000906 9.08           11       1       
1070   0.0000000925 9.10           11       1       
1080   0.0000000935 9.11           11       1       
1090   0.0000000917 9.13           11       1       
1100   0.0000000882 9.15           11       1       
1110   0.0000001189 9.17           11       1       
1120   0.0000000920 9.18           11       1       
1130   0.0000000912 9.20           11       1       
1140   0.0000000860 9.21           11       1       
1150   0.0000000809 9.23           11       1       
1160   0.0000000828 9.24           11       1       
1170   0.0000000803 9.26           11       1       
1180   0.0000000653 9.27           11       1       
1190   0.0000000622 9.29           11       1       
1200   0.0000000633 9.30           11       1       
1210   0.0000000628 9.32           11       1       
1220   0.0000000656 9.33           11       1       
1230   0.0000000707 9.34           11       1       
1240   0.0000000839 9.36           11       1       
1250   0.0000000856 9.37           11       1       
1260   0.0000000833 9.38           11       1       
1270   0.0000000945 9.40           11       1       
1280   0.0000000906 9.41           11       1       
1290   0.0000000550 9.42           11       1       
1300   0.0000000600 9.43           11       1       
1310   0.0000000542 9.45           11       1       
1320   0.0000000515 9.46           11       1       
1330   0.0000000496 9.47           11       1       
1340   0.0000000515 9.48           11       1       
1350   0.0000000459 9.49           11       1       
1360   0.0000000507 9.50           11       1       
1370   0.0000000489 9.51           11       1       
1380   0.0000000449 9.52           11       1       
1390   0.0000000460 9.54           11       1       
1400   0.0000000414 9.55           11       1       
1410   0.0000000426 9.56           11       1       
1420   0.0000000394 9.57           11       1       
1430   0.0000000406 9.58           11       1       
1440   0.0000000361 9.59           11       1       
1450   0.0000000345 9.60           11       1       
1460   0.0000000342 9.61           11       1       
1470   0.0000000374 9.61           11       1       
1480   0.0000000338 9.62           11       1       
1490   0.0000000329 9.63           11       1       
1500   0.0000000333 9.64           11       1       
1510   0.0000000325 9.65           11       1       
1520   0.0000000336 9.66           11       1       
1530   0.0000000353 9.67           11       1       
1540   0.0000000364 9.68           11       1       
1550   0.0000000374 9.69           11       1       
1560   0.0000000372 9.69           11       1       
1570   0.0000000363 9.70           11       1       
1580   0.0000000342 9.71           11       1       
1590   0.0000000365 9.72           11       1       
1600   0.0000000369 9.73           11       1       
1610   0.0000001174 9.74           11       1       
1620   0.0000000340 9.74           11       1       
1630   0.0000000331 9.75           11       1       
1640   0.0000000348 9.76           11       1       
1650   0.0000000345 9.77           11       1       
1660   0.0000000337 9.77           11       1       
1670   0.0000000341 9.78           11       1       
1680   0.0000000327 9.79           11       1       
1690   0.0000000325 9.80           11       1       
1700   0.0000000324 9.80           11       1       
1710   0.0000000333 9.81           11       1       
1720   0.0000000349 9.82           11       1       
1730   0.0000000341 9.82           11       1       
1740   0.0000000333 9.83           11       1       
1750   0.0000000331 9.84           11       1       
1760   0.0000000324 9.84           11       1       
1770   0.0000000322 9.85           11       1       
1780   0.0000000320 9.86           11       1       
1790   0.0000000330 9.86           11       1       
1800   0.0000000328 9.87           11       1       
1810   0.0000000348 9.88           11       1       
1820   0.0000000451 9.88           11       1       
1830   0.0000000388 9.89           11       1       
1840   0.0000000418 9.89           11       1       
1850   0.0000000384 9.90           11       1       
1860   0.0000000382 9.91           11       1       
1870   0.0000000374 9.91           11       1       
1880   0.0000000367 9.92           11       1       
1890   0.0000000360 9.92           11       1       
1900   0.0000000363 9.93           11       1       
1910   0.0000000356 9.93           11       1       
1920   0.0000000359 9.94           11       1       
1930   0.0000000358 9.95           11       1       
1940   0.0000000361 9.95           11       1       
1950   0.0000000374 9.96           11       1       
1960   0.0000000352 9.96           11       1       
1970   0.0000000350 9.97           11       1       
1980   0.0000000359 9.97           11       1       
1990   0.0000000342 9.98           11       1       
2000   0.0000000365 9.98           11       1       
2010   0.0000000378 9.99           11       1       
2020   0.0000000391 9.99           11       1       
2030   0.0000000414 10.00          11       1       
2040   0.0000000426 10.00          11       1       
2050   0.0000000410 10.01          12       1       
2060   0.0000000403 10.02          12       1       
2070   0.0000000372 10.03          12       1       
2080   0.0000000351 10.04          12       1       
2090   0.0000000344 10.05          12       1       
2100   0.0000000352 10.06          12       1       
2110   0.0000000336 10.06          12       1       
2120   0.0000000377 10.07          12       1       
2130   0.0000000362 10.08          12       1       
2140   0.0000000369 10.09          12       1       
2150   0.0000000353 10.10          12       1       
2160   0.0000000356 10.11          12       1       
2170   0.0000000341 10.12          12       1       
2180   0.0000000344 10.13          12       1       
2190   0.0000000342 10.14          12       1       
2200   0.0000000341 10.14          12       1       
2210   0.0000000339 10.15          12       1       
2220   0.0000000342 10.16          12       1       
2230   0.0000000341 10.17          12       1       
2240   0.0000000339 10.18          12       1       
2250   0.0000000342 10.19          12       1       
2260   0.0000000341 10.19          12       1       
2270   0.0000000344 10.20          12       1       
2280   0.0000000342 10.21          12       1       
2290   0.0000000354 10.22          12       1       
2300   0.0000000343 10.22          12       1       
2310   0.0000000346 10.23          12       1       
2320   0.0000000345 10.24          12       1       
2330   0.0000000343 10.25          12       1       
2340   0.0000000355 10.26          12       1       
2350   0.0000000366 10.26          12       1       
2360   0.0000000360 10.27          12       1       
2370   0.0000000350 10.28          12       1       
2380   0.0000000349 10.28          12       1       
2390   0.0000000343 10.29          12       1       
2400   0.0000000342 10.30          12       1       
2410   0.0000000344 10.31          12       1       
2420   0.0000000347 10.31          12       1       
2430   0.0000000342 10.32          12       1       
2440   0.0000000344 10.33          12       1       
2450   0.0000000347 10.33          12       1       
2460   0.0000000346 10.34          12       1       
2470   0.0000000352 10.35          12       1       
2480   0.0000000347 10.35          12       1       
2490   0.0000000341 10.36          12       1       
2500   0.0000000344 10.37          12       1       
2510   0.0000000347 10.37          12       1       
2520   0.0000000349 10.38          12       1       
2530   0.0000000360 10.39          12       1       
2540   0.0000000346 10.39          12       1       
2550   0.0000000349 10.40          12       1       
2560   0.0000000348 10.41          12       1       
2570   0.0000000346 10.41          12       1       
2580   0.0000000349 10.42          12       1       
2590   0.0000000347 10.42          12       1       
2600   0.0000000350 10.43          12       1       
2610   0.0000000352 10.44          12       1       
2620   0.0000000351 10.44          12       1       
2630   0.0000000350 10.45          12       1       
2640   0.0000000352 10.45          12       1       
2650   0.0000000351 10.46          12       1       
2660   0.0000000350 10.47          12       1       
2670   0.0000000352 10.47          12       1       
2680   0.0000000351 10.48          12       1       
2690   0.0000000349 10.48          12       1       
2700   0.0000000352 10.49          12       1       
2710   0.0000000351 10.49          12       1       
2720   0.0000000360 10.50          12       1       
2730   0.0000000348 10.50          12       1       
2740   0.0000000354 10.51          12       1       
2750   0.0000000349 10.52          12       1       
2760   0.0000000355 10.52          12       1       
2770   0.0000000354 10.53          12       1       
2780   0.0000000353 10.53          12       1       
2790   0.0000000351 10.54          12       1       
2800   0.0000000354 10.54          12       1       
2810   0.0000000352 10.55          12       1       
2820   0.0000000365 10.55          12       1       
2830   0.0000000375 10.56          12       1       
2840   0.0000000370 10.56          12       1       
2850   0.0000000368 10.57          12       1       
2860   0.0000000364 10.57          12       1       
2870   0.0000000362 10.58          12       1       
2880   0.0000000361 10.58          12       1       
2890   0.0000000370 10.59          12       1       
2900   0.0000000362 10.59          12       1       
2910   0.0000000361 10.60          12       1       
2920   0.0000000363 10.60          12       1       
2930   0.0000000365 10.61          12       1       
2940   0.0000000361 10.61          12       1       
2950   0.0000000366 10.62          12       1       
2960   0.0000000361 10.62          12       1       
2970   0.0000000367 10.63          12       1       
2980   0.0000000366 10.63          12       1       
2990   0.0000000368 10.63          12       1       
3000   0.0000000377 10.64          12       1       
3010   0.0000000379 10.64          12       1       
3020   0.0000000364 10.65          12       1       
3030   0.0000000366 10.65          12       1       
3040   0.0000000372 10.66          12       1       
3050   0.0000000367 10.66          12       1       
3060   0.0000000366 10.67          12       1       
3070   0.0000000365 10.67          12       1       
3080   0.0000000367 10.67          12       1       
3090   0.0000000369 10.68          12       1       
3100   0.0000000371 10.68          12       1       
3110   0.0000000367 10.69          12       1       
3120   0.0000000365 10.69          12       1       
3130   0.0000000367 10.70          12       1       
3140   0.0000000366 10.70          12       1       
3150   0.0000000371 10.70          12       1       
3160   0.0000000370 10.71          12       1       
3170   0.0000000366 10.71          12       1       
3180   0.0000000368 10.72          12       1       
3190   0.0000000370 10.72          12       1       
3200   0.0000000378 10.72          12       1       
3210   0.0000000377 10.73          12       1       
3220   0.0000000370 10.73          12       1       
3230   0.0000000368 10.74          12       1       
3240   0.0000000367 10.74          12       1       
3250   0.0000000369 10.74          12       1       
3260   0.0000000371 10.75          12       1       
3270   0.0000000373 10.75          12       1       
3280   0.0000000369 10.76          12       1       
3290   0.0000000371 10.76          12       1       
3300   0.0000000373 10.76          12       1       
3310   0.0000000378 10.77          12       1       
3320   0.0000000373 10.77          12       1       
3330   0.0000000381 10.77          12       1       
3340   0.0000000374 10.78          12       1       
3350   0.0000000373 10.78          12       1       
3360   0.0000000375 10.78          12       1       
3370   0.0000000374 10.79          12       1       
3380   0.0000000388 10.79          12       1       
3390   0.0000000378 10.80          12       1       
3400   0.0000000376 10.80          12       1       
3410   0.0000000375 10.80          12       1       
3420   0.0000000374 10.81          12       1       
3430   0.0000000394 10.81          12       1       
3440   0.0000000381 10.81          12       1       
3450   0.0000000380 10.82          12       1       
3460   0.0000000376 10.82          12       1       
3470   0.0000000378 10.82          12       1       
3480   0.0000000388 10.83          12       1       
3490   0.0000000378 10.83          12       1       
3500   0.0000000380 10.83          12       1       
3510   0.0000000379 10.84          12       1       
3520   0.0000000386 10.84          12       1       
3530   0.0000000380 10.84          12       1       
3540   0.0000000376 10.85          12       1       
3550   0.0000000380 10.85          12       1       
3560   0.0000000388 10.85          12       1       
3570   0.0000000381 10.86          12       1       
3580   0.0000000385 10.86          12       1       
3590   0.0000000382 10.86          12       1       
3600   0.0000000383 10.87          12       1       
3610   0.0000000399 10.87          12       1       
3620   0.0000000398 10.87          12       1       
3630   0.0000000391 10.88          12       1       
3640   0.0000000390 10.88          12       1       
3650   0.0000000389 10.88          12       1       
3660   0.0000000388 10.88          12       1       
3670   0.0000000390 10.89          12       1       
3680   0.0000000394 10.89          12       1       
3690   0.0000000385 10.89          12       1       
3700   0.0000000389 10.90          12       1       
3710   0.0000000396 10.90          12       1       
3720   0.0000000387 10.90          12       1       
3730   0.0000000389 10.91          12       1       
3740   0.0000000388 10.91          12       1       
3750   0.0000000387 10.91          12       1       
3760   0.0000000394 10.91          12       1       
3770   0.0000000387 10.92          12       1       
3780   0.0000000397 10.92          12       1       
3790   0.0000000388 10.92          12       1       
3800   0.0000000387 10.93          12       1       
3810   0.0000000386 10.93          12       1       
3820   0.0000000385 10.93          12       1       
3830   0.0000000386 10.93          12       1       
3840   0.0000000385 10.94          12       1       
3850   0.0000000387 10.94          12       1       
3860   0.0000000386 10.94          12       1       
3870   0.0000000390 10.94          12       1       
3880   0.0000000387 10.95          12       1       
3890   0.0000000386 10.95          12       1       
3900   0.0000000387 10.95          12       1       
3910   0.0000000386 10.96          12       1       
3920   0.0000000388 10.96          12       1       
3930   0.0000000389 10.96          12       1       
3940   0.0000000388 10.96          12       1       
3950   0.0000000390 10.97          12       1       
3960   0.0000000396 10.97          12       1       
3970   0.0000000388 10.97          12       1       
3980   0.0000000394 10.97          12       1       
3990   0.0000000391 10.98          12       1       
4000   0.0000000390 10.98          12       1       
4010   0.0000000392 10.98          12       1       
4020   0.0000000391 10.98          12       1       
4030   0.0000000397 10.99          12       1       
4040   0.0000000391 10.99          12       1       
4050   0.0000000393 10.99          12       1       
4060   0.0000000401 10.99          12       1       
4070   0.0000000393 11.00          12       1       
4080   0.0000000395 11.00          12       1       
4090   0.0000000399 11.00          12       1       
4100   0.0000000393 11.01          13       1       
4110   0.0000000392 11.01          13       1       
4120   0.0000000398 11.02          13       1       
4130   0.0000000395 11.02          13       1       
4140   0.0000000394 11.02          13       1       
4150   0.0000000395 11.03          13       1       
4160   0.0000000389 11.03          13       1       
4170   0.0000000391 11.04          13       1       
4180   0.0000000390 11.04          13       1       
4190   0.0000000399 11.05          13       1       
4200   0.0000000393 11.05          13       1       
4210   0.0000000390 11.06          13       1       
4220   0.0000000389 11.06          13       1       
4230   0.0000000392 11.07          13       1       
4240   0.0000000392 11.07          13       1       
4250   0.0000000391 11.08          13       1       
4260   0.0000000390 11.08          13       1       
4270   0.0000000389 11.08          13       1       
4280   0.0000000397 11.09          13       1       
4290   0.0000000392 11.09          13       1       
4300   0.0000000388 11.10          13       1       
4310   0.0000000390 11.10          13       1       
4320   0.0000000389 11.11          13       1       
4330   0.0000000390 11.11          13       1       
4340   0.0000000394 11.12          13       1       
4350   0.0000000395 11.12          13       1       
4360   0.0000000390 11.12          13       1       
4370   0.0000000391 11.13          13       1       
4380   0.0000000388 11.13          13       1       
4390   0.0000000387 11.14          13       1       
4400   0.0000000389 11.14          13       1       
4410   0.0000000388 11.15          13       1       
4420   0.0000000389 11.15          13       1       
4430   0.0000000386 11.15          13       1       
4440   0.0000000390 11.16          13       1       
4450   0.0000000391 11.16          13       1       
4460   0.0000000395 11.17          13       1       
4470   0.0000000391 11.17          13       1       
4480   0.0000000388 11.17          13       1       
4490   0.0000000388 11.18          13       1       
4500   0.0000000389 11.18          13       1       
4510   0.0000000388 11.19          13       1       
4520   0.0000000389 11.19          13       1       
4530   0.0000000391 11.19          13       1       
4540   0.0000000390 11.20          13       1       
4550   0.0000000385 11.20          13       1       
4560   0.0000000379 11.21          13       1       
4570   0.0000000376 11.21          13       1       
4580   0.0000000373 11.21          13       1       
4590   0.0000000373 11.22          13       1       
4600   0.0000000372 11.22          13       1       
4610   0.0000000373 11.23          13       1       
4620   0.0000000379 11.23          13       1       
4630   0.0000000371 11.23          13       1       
4640   0.0000000371 11.24          13       1       
4650   0.0000000370 11.24          13       1       
4660   0.0000000371 11.25          13       1       
4670   0.0000000370 11.25          13       1       
4680   0.0000000376 11.25          13       1       
4690   0.0000000371 11.26          13       1       
4700   0.0000000368 11.26          13       1       
4710   0.0000000369 11.26          13       1       
4720   0.0000000373 11.27          13       1       
4730   0.0000000378 11.27          13       1       
4740   0.0000000371 11.27          13       1       
4750   0.0000000375 11.28          13       1       
4760   0.0000000370 11.28          13       1       
4770   0.0000000371 11.29          13       1       
4780   0.0000000372 11.29          13       1       
4790   0.0000000370 11.29          13       1       
4800   0.0000000377 11.30          13       1       
4810   0.0000000370 11.30          13       1       
4820   0.0000000373 11.30          13       1       
4830   0.0000000371 11.31          13       1       
4840   0.0000000374 11.31          13       1       
4850   0.0000000373 11.31          13       1       
4860   0.0000000372 11.32          13       1       
4870   0.0000000374 11.32          13       1       
4880   0.0000000371 11.32          13       1       
4890   0.0000000378 11.33          13       1       
4900   0.0000000373 11.33          13       1       
4910   0.0000000373 11.33          13       1       
4920   0.0000000374 11.34          13       1       
4930   0.0000000375 11.34          13       1       
4940   0.0000000372 11.34          13       1       
4950   0.0000000374 11.35          13       1       
4960   0.0000000379 11.35          13       1       
4970   0.0000000372 11.35          13       1       
4980   0.0000000373 11.36          13       1       
4990   0.0000000371 11.36          13       1       
5000   0.0000000374 11.36          13       1       
5010   0.0000000377 11.37          13       1       
5020   0.0000000373 11.37          13       1       
5030   0.0000000374 11.37          13       1       
5040   0.0000000373 11.38          13       1       
5050   0.0000000372 11.38          13       1       
5060   0.0000000374 11.38          13       1       
5070   0.0000000375 11.39          13       1       
5080   0.0000000372 11.39          13       1       
5090   0.0000000373 11.39          13       1       
5100   0.0000000375 11.40          13       1       
5110   0.0000000374 11.40          13       1       
5120   0.0000000373 11.40          13       1       
5130   0.0000000376 11.41          13       1       
5140   0.0000000374 11.41          13       1       
5150   0.0000000373 11.41          13       1       
5160   0.0000000376 11.42          13       1       
5170   0.0000000375 11.42          13       1       
5180   0.0000000373 11.42          13       1       
5190   0.0000000374 11.42          13       1       
5200   0.0000000373 11.43          13       1       
5210   0.0000000372 11.43          13       1       
5220   0.0000000387 11.43          13       1       
5230   0.0000000373 11.44          13       1       
5240   0.0000000380 11.44          13       1       
5250   0.0000000377 11.44          13       1       
5260   0.0000000373 11.45          13       1       
5270   0.0000000376 11.45          13       1       
5280   0.0000000369 11.45          13       1       
5290   0.0000000367 11.45          13       1       
5300   0.0000000366 11.46          13       1       
5310   0.0000000367 11.46          13       1       
5320   0.0000000393 11.46          13       1       
5330   0.0000000366 11.47          13       1       
5340   0.0000000380 11.47          13       1       
5350   0.0000000366 11.47          13       1       
5360   0.0000000368 11.47          13       1       
5370   0.0000000369 11.48          13       1       
5380   0.0000000374 11.48          13       1       
5390   0.0000000367 11.48          13       1       
5400   0.0000000369 11.49          13       1       
5410   0.0000000370 11.49          13       1       
5420   0.0000000367 11.49          13       1       
5430   0.0000000372 11.49          13       1       
5440   0.0000000366 11.50          13       1       
5450   0.0000000367 11.50          13       1       
5460   0.0000000370 11.50          13       1       
5470   0.0000000373 11.50          13       1       
5480   0.0000000370 11.51          13       1       
5490   0.0000000373 11.51          13       1       
5500   0.0000000371 11.51          13       1       
5510   0.0000000374 11.52          13       1       
5520   0.0000000371 11.52          13       1       
5530   0.0000000369 11.52          13       1       
5540   0.0000000370 11.52          13       1       
5550   0.0000000368 11.53          13       1       
5560   0.0000000367 11.53          13       1       
5570   0.0000000370 11.53          13       1       
5580   0.0000000369 11.53          13       1       
5590   0.0000000370 11.54          13       1       
5600   0.0000000371 11.54          13       1       
5610   0.0000000369 11.54          13       1       
5620   0.0000000370 11.54          13       1       
5630   0.0000000368 11.55          13       1       
5640   0.0000000371 11.55          13       1       
5650   0.0000000377 11.55          13       1       
5660   0.0000000385 11.56          13       1       
5670   0.0000000384 11.56          13       1       
5680   0.0000000382 11.56          13       1       
5690   0.0000000383 11.56          13       1       
5700   0.0000000384 11.57          13       1       
5710   0.0000000382 11.57          13       1       
5720   0.0000000381 11.57          13       1       
5730   0.0000000382 11.57          13       1       
5740   0.0000000380 11.58          13       1       
5750   0.0000000381 11.58          13       1       
5760   0.0000000380 11.58          13       1       
5770   0.0000000378 11.58          13       1       
5780   0.0000000384 11.59          13       1       
5790   0.0000000382 11.59          13       1       
5800   0.0000000383 11.59          13       1       
5810   0.0000000382 11.59          13       1       
5820   0.0000000381 11.59          13       1       
5830   0.0000000383 11.60          13       1       
5840   0.0000000380 11.60          13       1       
5850   0.0000000379 11.60          13       1       
5860   0.0000000384 11.60          13       1       
5870   0.0000000383 11.61          13       1       
5880   0.0000000384 11.61          13       1       
5890   0.0000000384 11.61          13       1       
5900   0.0000000385 11.61          13       1       
5910   0.0000000382 11.62          13       1       
5920   0.0000000382 11.62          13       1       
5930   0.0000000381 11.62          13       1       
5940   0.0000000387 11.62          13       1       
5950   0.0000000383 11.63          13       1       
5960   0.0000000384 11.63          13       1       
5970   0.0000000385 11.63          13       1       
5980   0.0000000385 11.63          13       1       
5990   0.0000000387 11.63          13       1       
6000   0.0000000383 11.64          13       1       
6010   0.0000000384 11.64          13       1       
6020   0.0000000382 11.64          13       1       
6030   0.0000000383 11.64          13       1       
6040   0.0000000389 11.65          13       1       
6050   0.0000000383 11.65          13       1       
6060   0.0000000389 11.65          13       1       
6070   0.0000000384 11.65          13       1       
6080   0.0000000388 11.65          13       1       
6090   0.0000000388 11.66          13       1       
6100   0.0000000393 11.66          13       1       
6110   0.0000000386 11.66          13       1       
6120   0.0000000392 11.66          13       1       
6130   0.0000000390 11.67          13       1       
6140   0.0000000393 11.67          13       1       
6150   0.0000000387 11.67          13       1       
6160   0.0000000388 11.67          13       1       
6170   0.0000000389 11.67          13       1       
6180   0.0000000387 11.68          13       1       
6190   0.0000000389 11.68          13       1       
6200   0.0000000387 11.68          13       1       
6210   0.0000000386 11.68          13       1       
6220   0.0000000391 11.69          13       1       
6230   0.0000000385 11.69          13       1       
6240   0.0000000386 11.69          13       1       
6250   0.0000000389 11.69          13       1       
6260   0.0000000387 11.69          13       1       
6270   0.0000000388 11.70          13       1       
6280   0.0000000390 11.70          13       1       
6290   0.0000000388 11.70          13       1       
6300   0.0000000386 11.70          13       1       
6310   0.0000000396 11.70          13       1       
6320   0.0000000403 11.71          13       1       
6330   0.0000000397 11.71          13       1       
6340   0.0000000394 11.71          13       1       
6350   0.0000000395 11.71          13       1       
6360   0.0000000392 11.71          13       1       
6370   0.0000000402 11.72          13       1       
6380   0.0000000392 11.72          13       1       
6390   0.0000000394 11.72          13       1       
6400   0.0000000389 11.72          13       1       
6410   0.0000000392 11.72          13       1       
6420   0.0000000391 11.73          13       1       
6430   0.0000000390 11.73          13       1       
6440   0.0000000390 11.73          13       1       
6450   0.0000000389 11.73          13       1       
6460   0.0000000390 11.73          13       1       
6470   0.0000000388 11.74          13       1       
6480   0.0000000389 11.74          13       1       
6490   0.0000000390 11.74          13       1       
6500   0.0000000391 11.74          13       1       
6510   0.0000000390 11.74          13       1       
6520   0.0000000390 11.75          13       1       
6530   0.0000000392 11.75          13       1       
6540   0.0000000393 11.75          13       1       
6550   0.0000000389 11.75          13       1       
6560   0.0000000390 11.75          13       1       
6570   0.0000000390 11.76          13       1       
6580   0.0000000395 11.76          13       1       
6590   0.0000000388 11.76          13       1       
6600   0.0000000391 11.76          13       1       
6610   0.0000000389 11.76          13       1       
6620   0.0000000394 11.76          13       1       
6630   0.0000000391 11.77          13       1       
6640   0.0000000389 11.77          13       1       
6650   0.0000000389 11.77          13       1       
6660   0.0000000389 11.77          13       1       
6670   0.0000000394 11.77          13       1       
6680   0.0000000394 11.78          13       1       
6690   0.0000000398 11.78          13       1       
6700   0.0000000390 11.78          13       1       
6710   0.0000000392 11.78          13       1       
6720   0.0000000393 11.78          13       1       
6730   0.0000000388 11.78          13       1       
6740   0.0000000387 11.79          13       1       
6750   0.0000000390 11.79          13       1       
6760   0.0000000393 11.79          13       1       
6770   0.0000000388 11.79          13       1       
6780   0.0000000391 11.79          13       1       
6790   0.0000000393 11.80          13       1       
6800   0.0000000391 11.80          13       1       
6810   0.0000000388 11.80          13       1       
6820   0.0000000396 11.80          13       1       
6830   0.0000000394 11.80          13       1       
6840   0.0000000393 11.80          13       1       
6850   0.0000000394 11.81          13       1       
6860   0.0000000395 11.81          13       1       
6870   0.0000000396 11.81          13       1       
6880   0.0000000392 11.81          13       1       
6890   0.0000000393 11.81          13       1       
6900   0.0000000391 11.81          13       1       
6910   0.0000000397 11.82          13       1       
6920   0.0000000393 11.82          13       1       
6930   0.0000000397 11.82          13       1       
6940   0.0000000395 11.82          13       1       
6950   0.0000000396 11.82          13       1       
6960   0.0000000394 11.82          13       1       
6970   0.0000000393 11.83          13       1       
6980   0.0000000395 11.83          13       1       
6990   0.0000000395 11.83          13       1       
7000   0.0000000400 11.83          13       1       
7010   0.0000000395 11.83          13       1       
7020   0.0000000393 11.84          13       1       
7030   0.0000000400 11.84          13       1       
7040   0.0000000392 11.84          13       1       
7050   0.0000000393 11.84          13       1       
7060   0.0000000404 11.84          13       1       
7070   0.0000000395 11.84          13       1       
7080   0.0000000395 11.84          13       1       
7090   0.0000000396 11.85          13       1       
7100   0.0000000394 11.85          13       1       
7110   0.0000000394 11.85          13       1       
7120   0.0000000395 11.85          13       1       
7130   0.0000000397 11.85          13       1       
7140   0.0000000395 11.85          13       1       
7150   0.0000000396 11.86          13       1       
7160   0.0000000392 11.86          13       1       
7170   0.0000000393 11.86          13       1       
7180   0.0000000400 11.86          13       1       
7190   0.0000000399 11.86          13       1       
7200   0.0000000394 11.86          13       1       
7210   0.0000000395 11.87          13       1       
7220   0.0000000393 11.87          13       1       
7230   0.0000000397 11.87          13       1       
7240   0.0000000392 11.87          13       1       
7250   0.0000000392 11.87          13       1       
7260   0.0000000391 11.87          13       1       
7270   0.0000000399 11.88          13       1       
7280   0.0000000396 11.88          13       1       
7290   0.0000000396 11.88          13       1       
7300   0.0000000396 11.88          13       1       
7310   0.0000000397 11.88          13       1       
7320   0.0000000393 11.88          13       1       
7330   0.0000000396 11.88          13       1       
7340   0.0000000395 11.89          13       1       
7350   0.0000000403 11.89          13       1       
7360   0.0000000395 11.89          13       1       
7370   0.0000000398 11.89          13       1       
7380   0.0000000392 11.89          13       1       
7390   0.0000000394 11.89          13       1       
7400   0.0000000393 11.89          13       1       
7410   0.0000000394 11.90          13       1       
7420   0.0000000394 11.90          13       1       
7430   0.0000000396 11.90          13       1       
7440   0.0000000395 11.90          13       1       
7450   0.0000000396 11.90          13       1       
7460   0.0000000398 11.90          13       1       
7470   0.0000000394 11.91          13       1       
7480   0.0000000394 11.91          13       1       
7490   0.0000000395 11.91          13       1       
7500   0.0000000397 11.91          13       1       
7510   0.0000000395 11.91          13       1       
7520   0.0000000402 11.91          13       1       
7530   0.0000000394 11.91          13       1       
7540   0.0000000390 11.92          13       1       
7550   0.0000000392 11.92          13       1       
7560   0.0000000392 11.92          13       1       
7570   0.0000000394 11.92          13       1       
7580   0.0000000392 11.92          13       1       
7590   0.0000000393 11.92          13       1       
7600   0.0000000395 11.92          13       1       
7610   0.0000000389 11.93          13       1       
7620   0.0000000390 11.93          13       1       
7630   0.0000000389 11.93          13       1       
7640   0.0000000390 11.93          13       1       
7650   0.0000000388 11.93          13       1       
7660   0.0000000389 11.93          13       1       
7670   0.0000000387 11.93          13       1       
7680   0.0000000387 11.94          13       1       
7690   0.0000000385 11.94          13       1       
7700   0.0000000390 11.94          13       1       
7710   0.0000000385 11.94          13       1       
7720   0.0000000390 11.94          13       1       
7730   0.0000000386 11.94          13       1       
7740   0.0000000389 11.94          13       1       
7750   0.0000000388 11.94          13       1       
7760   0.0000000389 11.95          13       1       
7770   0.0000000387 11.95          13       1       
7780   0.0000000386 11.95          13       1       
7790   0.0000000389 11.95          13       1       
7800   0.0000000386 11.95          13       1       
7810   0.0000000385 11.95          13       1       
7820   0.0000000387 11.95          13       1       
7830   0.0000000390 11.96          13       1       
7840   0.0000000386 11.96          13       1       
7850   0.0000000387 11.96          13       1       
7860   0.0000000391 11.96          13       1       
7870   0.0000000386 11.96          13       1       
7880   0.0000000387 11.96          13       1       
7890   0.0000000387 11.96          13       1       
7900   0.0000000389 11.96          13       1       
7910   0.0000000386 11.97          13       1       
7920   0.0000000386 11.97          13       1       
7930   0.0000000388 11.97          13       1       
7940   0.0000000388 11.97          13       1       
7950   0.0000000390 11.97          13       1       
7960   0.0000000391 11.97          13       1       
7970   0.0000000386 11.97          13       1       
7980   0.0000000387 11.98          13       1       
7990   0.0000000385 11.98          13       1       
8000   0.0000000387 11.98          13       1       
8010   0.0000000392 11.98          13       1       
8020   0.0000000392 11.98          13       1       
8030   0.0000000391 11.98          13       1       
8040   0.0000000396 11.98          13       1       
8050   0.0000000395 11.98          13       1       
8060   0.0000000391 11.99          13       1       
8070   0.0000000393 11.99          13       1       
8080   0.0000000400 11.99          13       1       
8090   0.0000000393 11.99          13       1       
8100   0.0000000391 11.99          13       1       
8110   0.0000000391 11.99          13       1       
8120   0.0000000390 11.99          13       1       
8130   0.0000000390 11.99          13       1       
8140   0.0000000391 12.00          13       1       
8150   0.0000000388 12.00          13       1       
8160   0.0000000397 12.00          13       1       
8170   0.0000000398 12.00          13       1       
8180   0.0000000401 12.00          13       1       
8190   0.0000000394 12.00          13       1       
8200   0.0000000395 12.00          14       1       
8210   0.0000000392 12.01          14       1       
8220   0.0000000393 12.01          14       1       
8230   0.0000000392 12.01          14       1       
8240   0.0000000392 12.01          14       1       
8250   0.0000000389 12.02          14       1       
8260   0.0000000393 12.02          14       1       
8270   0.0000000393 12.02          14       1       
8280   0.0000000400 12.02          14       1       
8290   0.0000000392 12.03          14       1       
8300   0.0000000395 12.03          14       1       
8310   0.0000000397 12.03          14       1       
8320   0.0000000393 12.03          14       1       
8330   0.0000000395 12.03          14       1       
8340   0.0000000393 12.04          14       1       
8350   0.0000000394 12.04          14       1       
8360   0.0000000398 12.04          14       1       
8370   0.0000000395 12.04          14       1       
8380   0.0000000394 12.05          14       1       
8390   0.0000000391 12.05          14       1       
8400   0.0000000395 12.05          14       1       
8410   0.0000000391 12.05          14       1       
8420   0.0000000391 12.06          14       1       
8430   0.0000000390 12.06          14       1       
8440   0.0000000390 12.06          14       1       
8450   0.0000000391 12.06          14       1       
8460   0.0000000389 12.07          14       1       
8470   0.0000000393 12.07          14       1       
8480   0.0000000390 12.07          14       1       
8490   0.0000000389 12.07          14       1       
8500   0.0000000389 12.07          14       1       
8510   0.0000000391 12.08          14       1       
8520   0.0000000391 12.08          14       1       
8530   0.0000000393 12.08          14       1       
8540   0.0000000391 12.08          14       1       
8550   0.0000000391 12.09          14       1       
8560   0.0000000393 12.09          14       1       
8570   0.0000000393 12.09          14       1       
8580   0.0000000390 12.09          14       1       
8590   0.0000000392 12.09          14       1       
8600   0.0000000394 12.10          14       1       
8610   0.0000000393 12.10          14       1       
8620   0.0000000391 12.10          14       1       
8630   0.0000000390 12.10          14       1       
8640   0.0000000387 12.11          14       1       
8650   0.0000000386 12.11          14       1       
8660   0.0000000395 12.11          14       1       
8670   0.0000000397 12.11          14       1       
8680   0.0000000407 12.11          14       1       
8690   0.0000000404 12.12          14       1       
8700   0.0000000401 12.12          14       1       
8710   0.0000000403 12.12          14       1       
8720   0.0000000396 12.12          14       1       
8730   0.0000000391 12.12          14       1       
8740   0.0000000390 12.13          14       1       
8750   0.0000000390 12.13          14       1       
8760   0.0000000393 12.13          14       1       
8770   0.0000000387 12.13          14       1       
8780   0.0000000387 12.14          14       1       
8790   0.0000000387 12.14          14       1       
8800   0.0000000387 12.14          14       1       
8810   0.0000000386 12.14          14       1       
8820   0.0000000387 12.14          14       1       
8830   0.0000000386 12.15          14       1       
8840   0.0000000386 12.15          14       1       
8850   0.0000000390 12.15          14       1       
8860   0.0000000389 12.15          14       1       
8870   0.0000000388 12.15          14       1       
8880   0.0000000386 12.16          14       1       
8890   0.0000000387 12.16          14       1       
8900   0.0000000389 12.16          14       1       
8910   0.0000000387 12.16          14       1       
8920   0.0000000385 12.16          14       1       
8930   0.0000000390 12.17          14       1       
8940   0.0000000393 12.17          14       1       
8950   0.0000000387 12.17          14       1       
8960   0.0000000388 12.17          14       1       
8970   0.0000000388 12.18          14       1       
8980   0.0000000386 12.18          14       1       
8990   0.0000000386 12.18          14       1       
9000   0.0000000384 12.18          14       1       
9010   0.0000000388 12.18          14       1       
9020   0.0000000389 12.19          14       1       
9030   0.0000000386 12.19          14       1       
9040   0.0000000387 12.19          14       1       
9050   0.0000000385 12.19          14       1       
9060   0.0000000385 12.19          14       1       
9070   0.0000000391 12.20          14       1       
9080   0.0000000384 12.20          14       1       
9090   0.0000000389 12.20          14       1       
9100   0.0000000386 12.20          14       1       
9110   0.0000000387 12.20          14       1       
9120   0.0000000389 12.21          14       1       
9130   0.0000000384 12.21          14       1       
9140   0.0000000384 12.21          14       1       
9150   0.0000000388 12.21          14       1       
9160   0.0000000389 12.21          14       1       
9170   0.0000000385 12.21          14       1       
9180   0.0000000388 12.22          14       1       
9190   0.0000000385 12.22          14       1       
9200   0.0000000386 12.22          14       1       
9210   0.0000000393 12.22          14       1       
9220   0.0000000388 12.22          14       1       
9230   0.0000000387 12.23          14       1       
9240   0.0000000386 12.23          14       1       
9250   0.0000000385 12.23          14       1       
9260   0.0000000384 12.23          14       1       
9270   0.0000000382 12.23          14       1       
9280   0.0000000385 12.24          14       1       
9290   0.0000000383 12.24          14       1       
9300   0.0000000385 12.24          14       1       
9310   0.0000000382 12.24          14       1       
9320   0.0000000384 12.24          14       1       
9330   0.0000000383 12.25          14       1       
9340   0.0000000384 12.25          14       1       
9350   0.0000000380 12.25          14       1       
9360   0.0000000382 12.25          14       1       
9370   0.0000000384 12.25          14       1       
9380   0.0000000387 12.25          14       1       
9390   0.0000000390 12.26          14       1       
9400   0.0000000404 12.26          14       1       
9410   0.0000000407 12.26          14       1       
9420   0.0000000393 12.26          14       1       
9430   0.0000000394 12.26          14       1       
9440   0.0000000393 12.27          14       1       
9450   0.0000000395 12.27          14       1       
9460   0.0000000392 12.27          14       1       
9470   0.0000000393 12.27          14       1       
9480   0.0000000391 12.27          14       1       
9490   0.0000000393 12.28          14       1       
9500   0.0000000391 12.28          14       1       
9510   0.0000000394 12.28          14       1       
9520   0.0000000395 12.28          14       1       
9530   0.0000000392 12.28          14       1       
9540   0.0000000391 12.28          14       1       
9550   0.0000000396 12.29          14       1       
9560   0.0000000392 12.29          14       1       
9570   0.0000000392 12.29          14       1       
9580   0.0000000394 12.29          14       1       
9590   0.0000000392 12.29          14       1       
9600   0.0000000392 12.29          14       1       
9610   0.0000000390 12.30          14       1       
9620   0.0000000393 12.30          14       1       
9630   0.0000000394 12.30          14       1       
9640   0.0000000393 12.30          14       1       
9650   0.0000000393 12.30          14       1       
9660   0.0000000395 12.31          14       1       
9670   0.0000000392 12.31          14       1       
9680   0.0000000395 12.31          14       1       
9690   0.0000000393 12.31          14       1       
9700   0.0000000390 12.31          14       1       
9710   0.0000000384 12.31          14       1       
9720   0.0000000384 12.32          14       1       
9730   0.0000000381 12.32          14       1       
9740   0.0000000380 12.32          14       1       
9750   0.0000000376 12.32          14       1       
9760   0.0000000388 12.32          14       1       
9770   0.0000000385 12.32          14       1       
9780   0.0000000378 12.33          14       1       
9790   0.0000000380 12.33          14       1       
9800   0.0000000383 12.33          14       1       
9810   0.0000000387 12.33          14       1       
9820   0.0000000381 12.33          14       1       
9830   0.0000000396 12.33          14       1       
9840   0.0000000392 12.34          14       1       
9850   0.0000000390 12.34          14       1       
9860   0.0000000390 12.34          14       1       
9870   0.0000000398 12.34          14       1       
9880   0.0000000392 12.34          14       1       
9890   0.0000000389 12.34          14       1       
9900   0.0000000391 12.35          14       1       
9910   0.0000000391 12.35          14       1       
9920   0.0000000387 12.35          14       1       
9930   0.0000000390 12.35          14       1       
9940   0.0000000388 12.35          14       1       
9950   0.0000000392 12.35          14       1       
9960   0.0000000389 12.36          14       1       
9970   0.0000000392 12.36          14       1       
9980   0.0000000388 12.36          14       1       
9990   0.0000000391 12.36          14       1       
10000  0.0000000390 12.36          14       1       
