N      Time         Average_OB     Max_OB   Min_OB  
1000   0.0000005010 500.50         1000     1       
1010   0.0000004960 505.50         1010     1       
1020   0.0000005059 510.50         1020     1       
1030   0.0000005049 515.50         1030     1       
1040   0.0000005125 520.50         1040     1       
1050   0.0000005143 525.50         1050     1       
1060   0.0000005245 530.50         1060     1       
1070   0.0000005290 535.50         1070     1       
1080   0.0000005278 540.50         1080     1       
1090   0.0000005367 545.50         1090     1       
1100   0.0000005364 550.50         1100     1       
1110   0.0000005477 555.50         1110     1       
1120   0.0000005741 560.50         1120     1       
1130   0.0000005841 565.50         1130     1       
1140   0.0000005684 570.50         1140     1       
1150   0.0000005635 575.50         1150     1       
1160   0.0000005655 580.50         1160     1       
1170   0.0000004094 585.50         1170     1       
1180   0.0000002856 590.50         1180     1       
1190   0.0000002941 595.50         1190     1       
1200   0.0000002800 600.50         1200     1       
1210   0.0000002843 605.50         1210     1       
1220   0.0000002885 610.50         1220     1       
1230   0.0000002821 615.50         1230     1       
1240   0.0000002815 620.50         1240     1       
1250   0.0000002792 625.50         1250     1       
1260   0.0000002754 630.50         1260     1       
1270   0.0000002756 635.50         1270     1       
1280   0.0000002859 640.50         1280     1       
1290   0.0000002953 645.50         1290     1       
1300   0.0000003123 650.50         1300     1       
1310   0.0000003260 655.50         1310     1       
1320   0.0000003439 660.50         1320     1       
1330   0.0000003564 665.50         1330     1       
1340   0.0000003821 670.50         1340     1       
1350   0.0000003793 675.50         1350     1       
1360   0.0000003846 680.50         1360     1       
1370   0.0000003839 685.50         1370     1       
1380   0.0000003754 690.50         1380     1       
1390   0.0000003619 695.50         1390     1       
1400   0.0000003607 700.50         1400     1       
1410   0.0000003582 705.50         1410     1       
1420   0.0000003718 710.50         1420     1       
1430   0.0000003503 715.50         1430     1       
1440   0.0000003299 720.50         1440     1       
1450   0.0000003234 725.50         1450     1       
1460   0.0000003123 730.50         1460     1       
1470   0.0000003748 735.50         1470     1       
1480   0.0000002932 740.50         1480     1       
1490   0.0000002738 745.50         1490     1       
1500   0.0000002773 750.50         1500     1       
1510   0.0000002894 755.50         1510     1       
1520   0.0000003039 760.50         1520     1       
1530   0.0000003242 765.50         1530     1       
1540   0.0000003422 770.50         1540     1       
1550   0.0000003581 775.50         1550     1       
1560   0.0000003776 780.50         1560     1       
1570   0.0000003815 785.50         1570     1       
1580   0.0000003519 790.50         1580     1       
1590   0.0000003384 795.50         1590     1       
1600   0.0000003206 800.50         1600     1       
1610   0.0000003037 805.50         1610     1       
1620   0.0000002907 810.50         1620     1       
1630   0.0000002791 815.50         1630     1       
1640   0.0000002622 820.50         1640     1       
1650   0.0000002552 825.50         1650     1       
1660   0.0000002404 830.50         1660     1       
1670   0.0000002329 835.50         1670     1       
1680   0.0000002339 840.50         1680     1       
1690   0.0000002355 845.50         1690     1       
1700   0.0000002376 850.50         1700     1       
1710   0.0000002380 855.50         1710     1       
1720   0.0000002390 860.50         1720     1       
1730   0.0000002457 865.50         1730     1       
1740   0.0000002443 870.50         1740     1       
1750   0.0000002434 875.50         1750     1       
1760   0.0000002472 880.50         1760     1       
1770   0.0000002486 885.50         1770     1       
1780   0.0000002466 890.50         1780     1       
1790   0.0000002497 895.50         1790     1       
1800   0.0000002500 900.50         1800     1       
1810   0.0000002525 905.50         1810     1       
1820   0.0000002527 910.50         1820     1       
1830   0.0000002546 915.50         1830     1       
1840   0.0000002543 920.50         1840     1       
1850   0.0000002573 925.50         1850     1       
1860   0.0000002565 930.50         1860     1       
1870   0.0000002594 935.50         1870     1       
1880   0.0000002601 940.50         1880     1       
1890   0.0000002630 945.50         1890     1       
1900   0.0000002616 950.50         1900     1       
1910   0.0000002649 955.50         1910     1       
1920   0.0000002651 960.50         1920     1       
1930   0.0000002725 965.50         1930     1       
1940   0.0000002742 970.50         1940     1       
1950   0.0000002703 975.50         1950     1       
1960   0.0000002709 980.50         1960     1       
1970   0.0000002731 985.50         1970     1       
1980   0.0000002727 990.50         1980     1       
1990   0.0000002754 995.50         1990     1       
2000   0.0000002760 1000.50        2000     1       
2010   0.0000002766 1005.50        2010     1       
2020   0.0000002787 1010.50        2020     1       
2030   0.0000002788 1015.50        2030     1       
2040   0.0000002814 1020.50        2040     1       
2050   0.0000002820 1025.50        2050     1       
2060   0.0000002864 1030.50        2060     1       
2070   0.0000002865 1035.50        2070     1       
2080   0.0000002865 1040.50        2080     1       
2090   0.0000002880 1045.50        2090     1       
2100   0.0000002886 1050.50        2100     1       
2110   0.0000002900 1055.50        2110     1       
2120   0.0000002920 1060.50        2120     1       
2130   0.0000002925 1065.50        2130     1       
2140   0.0000002953 1070.50        2140     1       
2150   0.0000002953 1075.50        2150     1       
2160   0.0000002963 1080.50        2160     1       
2170   0.0000002991 1085.50        2170     1       
2180   0.0000003009 1090.50        2180     1       
2190   0.0000003005 1095.50        2190     1       
2200   0.0000003027 1100.50        2200     1       
2210   0.0000003036 1105.50        2210     1       
2220   0.0000003045 1110.50        2220     1       
2230   0.0000003067 1115.50        2230     1       
2240   0.0000003076 1120.50        2240     1       
2250   0.0000003089 1125.50        2250     1       
2260   0.0000003102 1130.50        2260     1       
2270   0.0000003115 1135.50        2270     1       
2280   0.0000003132 1140.50        2280     1       
2290   0.0000003135 1145.50        2290     1       
2300   0.0000003157 1150.50        2300     1       
2310   0.0000003169 1155.50        2310     1       
2320   0.0000003181 1160.50        2320     1       
2330   0.0000003189 1165.50        2330     1       
2340   0.0000003218 1170.50        2340     1       
2350   0.0000003230 1175.50        2350     1       
2360   0.0000003242 1180.50        2360     1       
2370   0.0000003253 1185.50        2370     1       
2380   0.0000003252 1190.50        2380     1       
2390   0.0000003322 1195.50        2390     1       
2400   0.0000003292 1200.50        2400     1       
2410   0.0000003307 1205.50        2410     1       
2420   0.0000003318 1210.50        2420     1       
2430   0.0000003325 1215.50        2430     1       
2440   0.0000003336 1220.50        2440     1       
2450   0.0000003355 1225.50        2450     1       
2460   0.0000003374 1230.50        2460     1       
2470   0.0000003741 1235.50        2470     1       
2480   0.0000003427 1240.50        2480     1       
2490   0.0000003422 1245.50        2490     1       
2500   0.0000003424 1250.50        2500     1       
2510   0.0000003434 1255.50        2510     1       
2520   0.0000003452 1260.50        2520     1       
2530   0.0000003502 1265.50        2530     1       
2540   0.0000003476 1270.50        2540     1       
2550   0.0000003486 1275.50        2550     1       
2560   0.0000003535 1280.50        2560     1       
2570   0.0000003545 1285.50        2570     1       
2580   0.0000003523 1290.50        2580     1       
2590   0.0000003537 1295.50        2590     1       
2600   0.0000003550 1300.50        2600     1       
2610   0.0000003575 1305.50        2610     1       
2620   0.0000003584 1310.50        2620     1       
2630   0.0000003589 1315.50        2630     1       
2640   0.0000003610 1320.50        2640     1       
2650   0.0000003619 1325.50        2650     1       
2660   0.0000003628 1330.50        2660     1       
2670   0.0000003644 1335.50        2670     1       
2680   0.0000003664 1340.50        2680     1       
2690   0.0000003673 1345.50        2690     1       
2700   0.0000003689 1350.50        2700     1       
2710   0.0000003701 1355.50        2710     1       
2720   0.0000003706 1360.50        2720     1       
2730   0.0000003725 1365.50        2730     1       
2740   0.0000003741 1370.50        2740     1       
2750   0.0000003749 1375.50        2750     1       
2760   0.0000003790 1380.50        2760     1       
2770   0.0000003776 1385.50        2770     1       
2780   0.0000003802 1390.50        2780     1       
2790   0.0000003799 1395.50        2790     1       
2800   0.0000003814 1400.50        2800     1       
2810   0.0000003829 1405.50        2810     1       
2820   0.0000003840 1410.50        2820     1       
2830   0.0000003852 1415.50        2830     1       
2840   0.0000003877 1420.50        2840     1       
2850   0.0000003877 1425.50        2850     1       
2860   0.0000003892 1430.50        2860     1       
2870   0.0000003902 1435.50        2870     1       
2880   0.0000003920 1440.50        2880     1       
2890   0.0000003934 1445.50        2890     1       
2900   0.0000003941 1450.50        2900     1       
2910   0.0000004003 1455.50        2910     1       
2920   0.0000003979 1460.50        2920     1       
2930   0.0000003990 1465.50        2930     1       
2940   0.0000004003 1470.50        2940     1       
2950   0.0000004014 1475.50        2950     1       
2960   0.0000004027 1480.50        2960     1       
2970   0.0000004071 1485.50        2970     1       
2980   0.0000004050 1490.50        2980     1       
2990   0.0000004064 1495.50        2990     1       
3000   0.0000004087 1500.50        3000     1       
3010   0.0000004126 1505.50        3010     1       
3020   0.0000004103 1510.50        3020     1       
3030   0.0000004116 1515.50        3030     1       
3040   0.0000004164 1520.50        3040     1       
3050   0.0000004151 1525.50        3050     1       
3060   0.0000004157 1530.50        3060     1       
3070   0.0000004182 1535.50        3070     1       
3080   0.0000004227 1540.50        3080     1       
3090   0.0000004201 1545.50        3090     1       
3100   0.0000004213 1550.50        3100     1       
3110   0.0000004222 1555.50        3110     1       
3120   0.0000004240 1560.50        3120     1       
3130   0.0000004256 1565.50        3130     1       
3140   0.0000004264 1570.50        3140     1       
3150   0.0000004279 1575.50        3150     1       
3160   0.0000004301 1580.50        3160     1       
3170   0.0000004312 1585.50        3170     1       
3180   0.0000004324 1590.50        3180     1       
3190   0.0000004342 1595.50        3190     1       
3200   0.0000004344 1600.50        3200     1       
3210   0.0000004361 1605.50        3210     1       
3220   0.0000004370 1610.50        3220     1       
3230   0.0000004418 1615.50        3230     1       
3240   0.0000004398 1620.50        3240     1       
3250   0.0000004409 1625.50        3250     1       
3260   0.0000004429 1630.50        3260     1       
3270   0.0000004440 1635.50        3270     1       
3280   0.0000004454 1640.50        3280     1       
3290   0.0000004495 1645.50        3290     1       
3300   0.0000004482 1650.50        3300     1       
3310   0.0000004520 1655.50        3310     1       
3320   0.0000004530 1660.50        3320     1       
3330   0.0000004532 1665.50        3330     1       
3340   0.0000004530 1670.50        3340     1       
3350   0.0000004552 1675.50        3350     1       
3360   0.0000004563 1680.50        3360     1       
3370   0.0000004576 1685.50        3370     1       
3380   0.0000004580 1690.50        3380     1       
3390   0.0000004602 1695.50        3390     1       
3400   0.0000004612 1700.50        3400     1       
3410   0.0000004633 1705.50        3410     1       
3420   0.0000004670 1710.50        3420     1       
3430   0.0000004653 1715.50        3430     1       
3440   0.0000004666 1720.50        3440     1       
3450   0.0000004675 1725.50        3450     1       
3460   0.0000004688 1730.50        3460     1       
3470   0.0000004700 1735.50        3470     1       
3480   0.0000004724 1740.50        3480     1       
3490   0.0000004728 1745.50        3490     1       
3500   0.0000004746 1750.50        3500     1       
3510   0.0000004761 1755.50        3510     1       
3520   0.0000004770 1760.50        3520     1       
3530   0.0000004790 1765.50        3530     1       
3540   0.0000004802 1770.50        3540     1       
3550   0.0000004806 1775.50        3550     1       
3560   0.0000004823 1780.50        3560     1       
3570   0.0000004840 1785.50        3570     1       
3580   0.0000004852 1790.50        3580     1       
3590   0.0000004855 1795.50        3590     1       
3600   0.0000004875 1800.50        3600     1       
3610   0.0000004892 1805.50        3610     1       
3620   0.0000004895 1810.50        3620     1       
3630   0.0000004942 1815.50        3630     1       
3640   0.0000004931 1820.50        3640     1       
3650   0.0000004932 1825.50        3650     1       
3660   0.0000004951 1830.50        3660     1       
3670   0.0000004965 1835.50        3670     1       
3680   0.0000004978 1840.50        3680     1       
3690   0.0000004995 1845.50        3690     1       
3700   0.0000005005 1850.50        3700     1       
3710   0.0000005270 1855.50        3710     1       
3720   0.0000005040 1860.50        3720     1       
3730   0.0000005046 1865.50        3730     1       
3740   0.0000005061 1870.50        3740     1       
3750   0.0000005077 1875.50        3750     1       
3760   0.0000005088 1880.50        3760     1       
3770   0.0000005127 1885.50        3770     1       
3780   0.0000005106 1890.50        3780     1       
3790   0.0000005127 1895.50        3790     1       
3800   0.0000005166 1900.50        3800     1       
3810   0.0000005152 1905.50        3810     1       
3820   0.0000005160 1910.50        3820     1       
3830   0.0000005183 1915.50        3830     1       
3840   0.0000005193 1920.50        3840     1       
3850   0.0000005205 1925.50        3850     1       
3860   0.0000005215 1930.50        3860     1       
3870   0.0000005227 1935.50        3870     1       
3880   0.0000005299 1940.50        3880     1       
3890   0.0000005262 1945.50        3890     1       
3900   0.0000005269 1950.50        3900     1       
3910   0.0000005281 1955.50        3910     1       
3920   0.0000005321 1960.50        3920     1       
3930   0.0000005328 1965.50        3930     1       
3940   0.0000005343 1970.50        3940     1       
3950   0.0000005337 1975.50        3950     1       
3960   0.0000005346 1980.50        3960     1       
3970   0.0000005358 1985.50        3970     1       
3980   0.0000005377 1990.50        3980     1       
3990   0.0000005386 1995.50        3990     1       
4000   0.0000005405 2000.50        4000     1       
4010   0.0000005416 2005.50        4010     1       
4020   0.0000005430 2010.50        4020     1       
4030   0.0000005447 2015.50        4030     1       
4040   0.0000005455 2020.50        4040     1       
4050   0.0000005491 2025.50        4050     1       
4060   0.0000005473 2030.50        4060     1       
4070   0.0000005494 2035.50        4070     1       
4080   0.0000005507 2040.50        4080     1       
4090   0.0000005516 2045.50        4090     1       
4100   0.0000005556 2050.50        4100     1       
4110   0.0000005543 2055.50        4110     1       
4120   0.0000005556 2060.50        4120     1       
4130   0.0000005571 2065.50        4130     1       
4140   0.0000005589 2070.50        4140     1       
4150   0.0000005595 2075.50        4150     1       
4160   0.0000005613 2080.50        4160     1       
4170   0.0000005624 2085.50        4170     1       
4180   0.0000005756 2090.50        4180     1       
4190   0.0000005666 2095.50        4190     1       
4200   0.0000005676 2100.50        4200     1       
4210   0.0000005689 2105.50        4210     1       
4220   0.0000005697 2110.50        4220     1       
4230   0.0000005712 2115.50        4230     1       
4240   0.0000005726 2120.50        4240     1       
4250   0.0000005739 2125.50        4250     1       
4260   0.0000005746 2130.50        4260     1       
4270   0.0000005761 2135.50        4270     1       
4280   0.0000005783 2140.50        4280     1       
4290   0.0000005795 2145.50        4290     1       
4300   0.0000005800 2150.50        4300     1       
4310   0.0000005810 2155.50        4310     1       
4320   0.0000005836 2160.50        4320     1       
4330   0.0000005838 2165.50        4330     1       
4340   0.0000005846 2170.50        4340     1       
4350   0.0000005885 2175.50        4350     1       
4360   0.0000005878 2180.50        4360     1       
4370   0.0000005892 2185.50        4370     1       
4380   0.0000005902 2190.50        4380     1       
4390   0.0000005913 2195.50        4390     1       
4400   0.0000005932 2200.50        4400     1       
4410   0.0000005937 2205.50        4410     1       
4420   0.0000005959 2210.50        4420     1       
4430   0.0000005971 2215.50        4430     1       
4440   0.0000006000 2220.50        4440     1       
4450   0.0000006000 2225.50        4450     1       
4460   0.0000006004 2230.50        4460     1       
4470   0.0000006020 2235.50        4470     1       
4480   0.0000006038 2240.50        4480     1       
4490   0.0000006049 2245.50        4490     1       
4500   0.0000006062 2250.50        4500     1       
4510   0.0000006075 2255.50        4510     1       
4520   0.0000006086 2260.50        4520     1       
4530   0.0000006099 2265.50        4530     1       
4540   0.0000006115 2270.50        4540     1       
4550   0.0000006132 2275.50        4550     1       
4560   0.0000006138 2280.50        4560     1       
4570   0.0000006195 2285.50        4570     1       
4580   0.0000006166 2290.50        4580     1       
4590   0.0000006181 2295.50        4590     1       
4600   0.0000006189 2300.50        4600     1       
4610   0.0000006206 2305.50        4610     1       
4620   0.0000006219 2310.50        4620     1       
4630   0.0000006233 2315.50        4630     1       
4640   0.0000006261 2320.50        4640     1       
4650   0.0000006258 2325.50        4650     1       
4660   0.0000006277 2330.50        4660     1       
4670   0.0000006300 2335.50        4670     1       
4680   0.0000006551 2340.50        4680     1       
4690   0.0000006324 2345.50        4690     1       
4700   0.0000006351 2350.50        4700     1       
4710   0.0000006342 2355.50        4710     1       
4720   0.0000006364 2360.50        4720     1       
4730   0.0000006370 2365.50        4730     1       
4740   0.0000006380 2370.50        4740     1       
4750   0.0000006392 2375.50        4750     1       
4760   0.0000006403 2380.50        4760     1       
4770   0.0000006457 2385.50        4770     1       
4780   0.0000006431 2390.50        4780     1       
4790   0.0000006438 2395.50        4790     1       
4800   0.0000006473 2400.50        4800     1       
4810   0.0000006472 2405.50        4810     1       
4820   0.0000006490 2410.50        4820     1       
4830   0.0000006501 2415.50        4830     1       
4840   0.0000006510 2420.50        4840     1       
4850   0.0000006546 2425.50        4850     1       
4860   0.0000006551 2430.50        4860     1       
4870   0.0000006554 2435.50        4870     1       
4880   0.0000006566 2440.50        4880     1       
4890   0.0000006591 2445.50        4890     1       
4900   0.0000006694 2450.50        4900     1       
4910   0.0000006619 2455.50        4910     1       
4920   0.0000006620 2460.50        4920     1       
4930   0.0000006635 2465.50        4930     1       
4940   0.0000006646 2470.50        4940     1       
4950   0.0000006651 2475.50        4950     1       
4960   0.0000006708 2480.50        4960     1       
4970   0.0000006698 2485.50        4970     1       
4980   0.0000006697 2490.50        4980     1       
4990   0.0000006735 2495.50        4990     1       
5000   0.0000006716 2500.50        5000     1       
5010   0.0000006739 2505.50        5010     1       
5020   0.0000006751 2510.50        5020     1       
5030   0.0000006755 2515.50        5030     1       
5040   0.0000006772 2520.50        5040     1       
5050   0.0000006786 2525.50        5050     1       
5060   0.0000006800 2530.50        5060     1       
5070   0.0000006826 2535.50        5070     1       
5080   0.0000006827 2540.50        5080     1       
5090   0.0000006837 2545.50        5090     1       
5100   0.0000006871 2550.50        5100     1       
5110   0.0000006888 2555.50        5110     1       
5120   0.0000006887 2560.50        5120     1       
5130   0.0000006901 2565.50        5130     1       
5140   0.0000006907 2570.50        5140     1       
5150   0.0000006938 2575.50        5150     1       
5160   0.0000006944 2580.50        5160     1       
5170   0.0000006950 2585.50        5170     1       
5180   0.0000006998 2590.50        5180     1       
5190   0.0000007191 2595.50        5190     1       
5200   0.0000006985 2600.50        5200     1       
5210   0.0000007013 2605.50        5210     1       
5220   0.0000007013 2610.50        5220     1       
5230   0.0000007042 2615.50        5230     1       
5240   0.0000007057 2620.50        5240     1       
5250   0.0000007069 2625.50        5250     1       
5260   0.0000007067 2630.50        5260     1       
5270   0.0000007161 2635.50        5270     1       
5280   0.0000007095 2640.50        5280     1       
5290   0.0000007108 2645.50        5290     1       
5300   0.0000007125 2650.50        5300     1       
5310   0.0000007136 2655.50        5310     1       
5320   0.0000007147 2660.50        5320     1       
5330   0.0000007161 2665.50        5330     1       
5340   0.0000007178 2670.50        5340     1       
5350   0.0000007181 2675.50        5350     1       
5360   0.0000007213 2680.50        5360     1       
5370   0.0000007205 2685.50        5370     1       
5380   0.0000007227 2690.50        5380     1       
5390   0.0000007256 2695.50        5390     1       
5400   0.0000007250 2700.50        5400     1       
5410   0.0000007277 2705.50        5410     1       
5420   0.0000007271 2710.50        5420     1       
5430   0.0000007287 2715.50        5430     1       
5440   0.0000007303 2720.50        5440     1       
5450   0.0000007354 2725.50        5450     1       
5460   0.0000007337 2730.50        5460     1       
5470   0.0000007340 2735.50        5470     1       
5480   0.0000007359 2740.50        5480     1       
5490   0.0000007364 2745.50        5490     1       
5500   0.0000007396 2750.50        5500     1       
5510   0.0000007399 2755.50        5510     1       
5520   0.0000007591 2760.50        5520     1       
5530   0.0000007438 2765.50        5530     1       
5540   0.0000007439 2770.50        5540     1       
5550   0.0000007447 2775.50        5550     1       
5560   0.0000007464 2780.50        5560     1       
5570   0.0000007474 2785.50        5570     1       
5580   0.0000007486 2790.50        5580     1       
5590   0.0000007510 2795.50        5590     1       
5600   0.0000007529 2800.50        5600     1       
5610   0.0000007529 2805.50        5610     1       
5620   0.0000007541 2810.50        5620     1       
5630   0.0000007558 2815.50        5630     1       
5640   0.0000007564 2820.50        5640     1       
5650   0.0000007593 2825.50        5650     1       
5660   0.0000007590 2830.50        5660     1       
5670   0.0000007601 2835.50        5670     1       
5680   0.0000007639 2840.50        5680     1       
5690   0.0000007647 2845.50        5690     1       
5700   0.0000007647 2850.50        5700     1       
5710   0.0000007671 2855.50        5710     1       
5720   0.0000007673 2860.50        5720     1       
5730   0.0000007688 2865.50        5730     1       
5740   0.0000007716 2870.50        5740     1       
5750   0.0000007715 2875.50        5750     1       
5760   0.0000007753 2880.50        5760     1       
5770   0.0000007738 2885.50        5770     1       
5780   0.0000007749 2890.50        5780     1       
5790   0.0000007765 2895.50        5790     1       
5800   0.0000007776 2900.50        5800     1       
5810   0.0000007806 2905.50        5810     1       
5820   0.0000007806 2910.50        5820     1       
5830   0.0000007820 2915.50        5830     1       
5840   0.0000007830 2920.50        5840     1       
5850   0.0000007856 2925.50        5850     1       
5860   0.0000007858 2930.50        5860     1       
5870   0.0000007874 2935.50        5870     1       
5880   0.0000007878 2940.50        5880     1       
5890   0.0000007900 2945.50        5890     1       
5900   0.0000007908 2950.50        5900     1       
5910   0.0000008003 2955.50        5910     1       
5920   0.0000007949 2960.50        5920     1       
5930   0.0000007968 2965.50        5930     1       
5940   0.0000007961 2970.50        5940     1       
5950   0.0000007975 2975.50        5950     1       
5960   0.0000007988 2980.50        5960     1       
5970   0.0000008164 2985.50        5970     1       
5980   0.0000008017 2990.50        5980     1       
5990   0.0000008033 2995.50        5990     1       
6000   0.0000008050 3000.50        6000     1       
6010   0.0000008058 3005.50        6010     1       
6020   0.0000008078 3010.50        6020     1       
6030   0.0000008083 3015.50        6030     1       
6040   0.0000008094 3020.50        6040     1       
6050   0.0000008111 3025.50        6050     1       
6060   0.0000008125 3030.50        6060     1       
6070   0.0000008155 3035.50        6070     1       
6080   0.0000008151 3040.50        6080     1       
6090   0.0000008159 3045.50        6090     1       
6100   0.0000008190 3050.50        6100     1       
6110   0.0000008191 3055.50        6110     1       
6120   0.0000008234 3060.50        6120     1       
6130   0.0000008233 3065.50        6130     1       
6140   0.0000008225 3070.50        6140     1       
6150   0.0000008246 3075.50        6150     1       
6160   0.0000008260 3080.50        6160     1       
6170   0.0000008340 3085.50        6170     1       
6180   0.0000008280 3090.50        6180     1       
6190   0.0000008297 3095.50        6190     1       
6200   0.0000008310 3100.50        6200     1       
6210   0.0000008320 3105.50        6210     1       
6220   0.0000008330 3110.50        6220     1       
6230   0.0000008347 3115.50        6230     1       
6240   0.0000008364 3120.50        6240     1       
6250   0.0000008374 3125.50        6250     1       
6260   0.0000008401 3130.50        6260     1       
6270   0.0000008416 3135.50        6270     1       
6280   0.0000008427 3140.50        6280     1       
6290   0.0000008428 3145.50        6290     1       
6300   0.0000008440 3150.50        6300     1       
6310   0.0000008477 3155.50        6310     1       
6320   0.0000008472 3160.50        6320     1       
6330   0.0000008482 3165.50        6330     1       
6340   0.0000008491 3170.50        6340     1       
6350   0.0000008515 3175.50        6350     1       
6360   0.0000008678 3180.50        6360     1       
6370   0.0000008542 3185.50        6370     1       
6380   0.0000008569 3190.50        6380     1       
6390   0.0000008560 3195.50        6390     1       
6400   0.0000008575 3200.50        6400     1       
6410   0.0000008604 3205.50        6410     1       
6420   0.0000008597 3210.50        6420     1       
6430   0.0000008608 3215.50        6430     1       
6440   0.0000008629 3220.50        6440     1       
6450   0.0000008645 3225.50        6450     1       
6460   0.0000008647 3230.50        6460     1       
6470   0.0000008665 3235.50        6470     1       
6480   0.0000008676 3240.50        6480     1       
6490   0.0000008687 3245.50        6490     1       
6500   0.0000008732 3250.50        6500     1       
6510   0.0000008716 3255.50        6510     1       
6520   0.0000008727 3260.50        6520     1       
6530   0.0000008744 3265.50        6530     1       
6540   0.0000008835 3270.50        6540     1       
6550   0.0000008768 3275.50        6550     1       
6560   0.0000008784 3280.50        6560     1       
6570   0.0000008798 3285.50        6570     1       
6580   0.0000008810 3290.50        6580     1       
6590   0.0000008836 3295.50        6590     1       
6600   0.0000008830 3300.50        6600     1       
6610   0.0000008858 3305.50        6610     1       
6620   0.0000008876 3310.50        6620     1       
6630   0.0000008867 3315.50        6630     1       
6640   0.0000008886 3320.50        6640     1       
6650   0.0000008914 3325.50        6650     1       
6660   0.0000008926 3330.50        6660     1       
6670   0.0000008958 3335.50        6670     1       
6680   0.0000008940 3340.50        6680     1       
6690   0.0000008970 3345.50        6690     1       
6700   0.0000008982 3350.50        6700     1       
6710   0.0000009130 3355.50        6710     1       
6720   0.0000009001 3360.50        6720     1       
6730   0.0000009021 3365.50        6730     1       
6740   0.0000009033 3370.50        6740     1       
6750   0.0000009033 3375.50        6750     1       
6760   0.0000009046 3380.50        6760     1       
6770   0.0000009058 3385.50        6770     1       
6780   0.0000009077 3390.50        6780     1       
6790   0.0000009099 3395.50        6790     1       
6800   0.0000009101 3400.50        6800     1       
6810   0.0000009125 3405.50        6810     1       
6820   0.0000009139 3410.50        6820     1       
6830   0.0000009164 3415.50        6830     1       
6840   0.0000009149 3420.50        6840     1       
6850   0.0000009174 3425.50        6850     1       
6860   0.0000009182 3430.50        6860     1       
6870   0.0000009345 3435.50        6870     1       
6880   0.0000009203 3440.50        6880     1       
6890   0.0000009228 3445.50        6890     1       
6900   0.0000009232 3450.50        6900     1       
6910   0.0000009256 3455.50        6910     1       
6920   0.0000009275 3460.50        6920     1       
6930   0.0000009268 3465.50        6930     1       
6940   0.0000009301 3470.50        6940     1       
6950   0.0000009322 3475.50        6950     1       
6960   0.0000009310 3480.50        6960     1       
6970   0.0000009321 3485.50        6970     1       
6980   0.0000009338 3490.50        6980     1       
6990   0.0000009378 3495.50        6990     1       
7000   0.0000009373 3500.50        7000     1       
7010   0.0000009401 3505.50        7010     1       
7020   0.0000009456 3510.50        7020     1       
7030   0.0000009401 3515.50        7030     1       
7040   0.0000009433 3520.50        7040     1       
7050   0.0000009424 3525.50        7050     1       
7060   0.0000009438 3530.50        7060     1       
7070   0.0000009455 3535.50        7070     1       
7080   0.0000009482 3540.50        7080     1       
7090   0.0000009480 3545.50        7090     1       
7100   0.0000009493 3550.50        7100     1       
7110   0.0000009532 3555.50        7110     1       
7120   0.0000009528 3560.50        7120     1       
7130   0.0000009533 3565.50        7130     1       
7140   0.0000009576 3570.50        7140     1       
7150   0.0000009557 3575.50        7150     1       
7160   0.0000009575 3580.50        7160     1       
7170   0.0000009766 3585.50        7170     1       
7180   0.0000009613 3590.50        7180     1       
7190   0.0000009622 3595.50        7190     1       
7200   0.0000009621 3600.50        7200     1       
7210   0.0000009652 3605.50        7210     1       
7220   0.0000009657 3610.50        7220     1       
7230   0.0000009668 3615.50        7230     1       
7240   0.0000009680 3620.50        7240     1       
7250   0.0000009691 3625.50        7250     1       
7260   0.0000009716 3630.50        7260     1       
7270   0.0000009732 3635.50        7270     1       
7280   0.0000009757 3640.50        7280     1       
7290   0.0000009745 3645.50        7290     1       
7300   0.0000009759 3650.50        7300     1       
7310   0.0000009899 3655.50        7310     1       
7320   0.0000009788 3660.50        7320     1       
7330   0.0000009802 3665.50        7330     1       
7340   0.0000009823 3670.50        7340     1       
7350   0.0000009830 3675.50        7350     1       
7360   0.0000009849 3680.50        7360     1       
7370   0.0000009849 3685.50        7370     1       
7380   0.0000009907 3690.50        7380     1       
7390   0.0000009877 3695.50        7390     1       
7400   0.0000009914 3700.50        7400     1       
7410   0.0000009908 3705.50        7410     1       
7420   0.0000010007 3710.50        7420     1       
7430   0.0000009946 3715.50        7430     1       
7440   0.0000009953 3720.50        7440     1       
7450   0.0000010028 3725.50        7450     1       
7460   0.0000009988 3730.50        7460     1       
7470   0.0000010047 3735.50        7470     1       
7480   0.0000010000 3740.50        7480     1       
7490   0.0000010023 3745.50        7490     1       
7500   0.0000010019 3750.50        7500     1       
7510   0.0000010045 3755.50        7510     1       
7520   0.0000010060 3760.50        7520     1       
7530   0.0000010058 3765.50        7530     1       
7540   0.0000010074 3770.50        7540     1       
7550   0.0000010099 3775.50        7550     1       
7560   0.0000010114 3780.50        7560     1       
7570   0.0000010116 3785.50        7570     1       
7580   0.0000010150 3790.50        7580     1       
7590   0.0000010145 3795.50        7590     1       
7600   0.0000010157 3800.50        7600     1       
7610   0.0000010173 3805.50        7610     1       
7620   0.0000010196 3810.50        7620     1       
7630   0.0000010203 3815.50        7630     1       
7640   0.0000010208 3820.50        7640     1       
7650   0.0000010234 3825.50        7650     1       
7660   0.0000010235 3830.50        7660     1       
7670   0.0000010249 3835.50        7670     1       
7680   0.0000010260 3840.50        7680     1       
7690   0.0000010462 3845.50        7690     1       
7700   0.0000010290 3850.50        7700     1       
7710   0.0000011189 3855.50        7710     1       
7720   0.0000010341 3860.50        7720     1       
7730   0.0000010331 3865.50        7730     1       
7740   0.0000010345 3870.50        7740     1       
7750   0.0000010369 3875.50        7750     1       
7760   0.0000010367 3880.50        7760     1       
7770   0.0000010382 3885.50        7770     1       
7780   0.0000010400 3890.50        7780     1       
7790   0.0000010409 3895.50        7790     1       
7800   0.0000010419 3900.50        7800     1       
7810   0.0000010458 3905.50        7810     1       
7820   0.0000010459 3910.50        7820     1       
7830   0.0000010535 3915.50        7830     1       
7840   0.0000010477 3920.50        7840     1       
7850   0.0000010485 3925.50        7850     1       
7860   0.0000010518 3930.50        7860     1       
7870   0.0000010512 3935.50        7870     1       
7880   0.0000010533 3940.50        7880     1       
7890   0.0000010548 3945.50        7890     1       
7900   0.0000010563 3950.50        7900     1       
7910   0.0000010578 3955.50        7910     1       
7920   0.0000010585 3960.50        7920     1       
7930   0.0000010620 3965.50        7930     1       
7940   0.0000010607 3970.50        7940     1       
7950   0.0000010782 3975.50        7950     1       
7960   0.0000010643 3980.50        7960     1       
7970   0.0000010647 3985.50        7970     1       
7980   0.0000010660 3990.50        7980     1       
7990   0.0000010681 3995.50        7990     1       
8000   0.0000010696 4000.50        8000     1       
8010   0.0000010709 4005.50        8010     1       
8020   0.0000010722 4010.50        8020     1       
8030   0.0000010725 4015.50        8030     1       
8040   0.0000010757 4020.50        8040     1       
8050   0.0000010961 4025.50        8050     1       
8060   0.0000011047 4030.50        8060     1       
8070   0.0000010787 4035.50        8070     1       
8080   0.0000010832 4040.50        8080     1       
8090   0.0000010818 4045.50        8090     1       
8100   0.0000010838 4050.50        8100     1       
8110   0.0000010836 4055.50        8110     1       
8120   0.0000010873 4060.50        8120     1       
8130   0.0000010860 4065.50        8130     1       
8140   0.0000010881 4070.50        8140     1       
8150   0.0000010891 4075.50        8150     1       
8160   0.0000010935 4080.50        8160     1       
8170   0.0000011098 4085.50        8170     1       
8180   0.0000011078 4090.50        8180     1       
8190   0.0000011055 4095.50        8190     1       
8200   0.0000010950 4100.50        8200     1       
8210   0.0000011032 4105.50        8210     1       
8220   0.0000010987 4110.50        8220     1       
8230   0.0000011000 4115.50        8230     1       
8240   0.0000011013 4120.50        8240     1       
8250   0.0000011033 4125.50        8250     1       
8260   0.0000011040 4130.50        8260     1       
8270   0.0000011048 4135.50        8270     1       
8280   0.0000011155 4140.50        8280     1       
8290   0.0000011080 4145.50        8290     1       
8300   0.0000011082 4150.50        8300     1       
8310   0.0000011112 4155.50        8310     1       
8320   0.0000011118 4160.50        8320     1       
8330   0.0000011124 4165.50        8330     1       
8340   0.0000011144 4170.50        8340     1       
8350   0.0000011159 4175.50        8350     1       
8360   0.0000011159 4180.50        8360     1       
8370   0.0000011174 4185.50        8370     1       
8380   0.0000011200 4190.50        8380     1       
8390   0.0000011352 4195.50        8390     1       
8400   0.0000011207 4200.50        8400     1       
8410   0.0000011232 4205.50        8410     1       
8420   0.0000011236 4210.50        8420     1       
8430   0.0000011259 4215.50        8430     1       
8440   0.0000011307 4220.50        8440     1       
8450   0.0000011290 4225.50        8450     1       
8460   0.0000011310 4230.50        8460     1       
8470   0.0000011307 4235.50        8470     1       
8480   0.0000011327 4240.50        8480     1       
8490   0.0000011364 4245.50        8490     1       
8500   0.0000011428 4250.50        8500     1       
8510   0.0000011369 4255.50        8510     1       
8520   0.0000011377 4260.50        8520     1       
8530   0.0000011399 4265.50        8530     1       
8540   0.0000011398 4270.50        8540     1       
8550   0.0000011420 4275.50        8550     1       
8560   0.0000011437 4280.50        8560     1       
8570   0.0000011449 4285.50        8570     1       
8580   0.0000011465 4290.50        8580     1       
8590   0.0000011491 4295.50        8590     1       
8600   0.0000011730 4300.50        8600     1       
8610   0.0000011505 4305.50        8610     1       
8620   0.0000011516 4310.50        8620     1       
8630   0.0000011517 4315.50        8630     1       
8640   0.0000011542 4320.50        8640     1       
8650   0.0000011555 4325.50        8650     1       
8660   0.0000011570 4330.50        8660     1       
8670   0.0000011576 4335.50        8670     1       
8680   0.0000011581 4340.50        8680     1       
8690   0.0000011608 4345.50        8690     1       
8700   0.0000011622 4350.50        8700     1       
8710   0.0000011628 4355.50        8710     1       
8720   0.0000011650 4360.50        8720     1       
8730   0.0000011652 4365.50        8730     1       
8740   0.0000011674 4370.50        8740     1       
8750   0.0000011690 4375.50        8750     1       
8760   0.0000011691 4380.50        8760     1       
8770   0.0000011718 4385.50        8770     1       
8780   0.0000011720 4390.50        8780     1       
8790   0.0000011929 4395.50        8790     1       
8800   0.0000011776 4400.50        8800     1       
8810   0.0000011760 4405.50        8810     1       
8820   0.0000011776 4410.50        8820     1       
8830   0.0000011787 4415.50        8830     1       
8840   0.0000011803 4420.50        8840     1       
8850   0.0000011814 4425.50        8850     1       
8860   0.0000011839 4430.50        8860     1       
8870   0.0000011850 4435.50        8870     1       
8880   0.0000011856 4440.50        8880     1       
8890   0.0000011939 4445.50        8890     1       
8900   0.0000011878 4450.50        8900     1       
8910   0.0000011899 4455.50        8910     1       
8920   0.0000011907 4460.50        8920     1       
8930   0.0000011913 4465.50        8930     1       
8940   0.0000011935 4470.50        8940     1       
8950   0.0000011950 4475.50        8950     1       
8960   0.0000011952 4480.50        8960     1       
8970   0.0000011971 4485.50        8970     1       
8980   0.0000012124 4490.50        8980     1       
8990   0.0000011999 4495.50        8990     1       
9000   0.0000012006 4500.50        9000     1       
9010   0.0000012017 4505.50        9010     1       
9020   0.0000012040 4510.50        9020     1       
9030   0.0000012051 4515.50        9030     1       
9040   0.0000012082 4520.50        9040     1       
9050   0.0000012076 4525.50        9050     1       
9060   0.0000012102 4530.50        9060     1       
9070   0.0000012133 4535.50        9070     1       
9080   0.0000012175 4540.50        9080     1       
9090   0.0000012127 4545.50        9090     1       
9100   0.0000012149 4550.50        9100     1       
9110   0.0000012190 4555.50        9110     1       
9120   0.0000012174 4560.50        9120     1       
9130   0.0000012188 4565.50        9130     1       
9140   0.0000012191 4570.50        9140     1       
9150   0.0000012214 4575.50        9150     1       
9160   0.0000012248 4580.50        9160     1       
9170   0.0000012358 4585.50        9170     1       
9180   0.0000012268 4590.50        9180     1       
9190   0.0000012270 4595.50        9190     1       
9200   0.0000012267 4600.50        9200     1       
9210   0.0000012284 4605.50        9210     1       
9220   0.0000012303 4610.50        9220     1       
9230   0.0000012336 4615.50        9230     1       
9240   0.0000012335 4620.50        9240     1       
9250   0.0000012410 4625.50        9250     1       
9260   0.0000012370 4630.50        9260     1       
9270   0.0000012387 4635.50        9270     1       
9280   0.0000012375 4640.50        9280     1       
9290   0.0000012403 4645.50        9290     1       
9300   0.0000012408 4650.50        9300     1       
9310   0.0000012422 4655.50        9310     1       
9320   0.0000012428 4660.50        9320     1       
9330   0.0000012456 4665.50        9330     1       
9340   0.0000012608 4670.50        9340     1       
9350   0.0000012483 4675.50        9350     1       
9360   0.0000012486 4680.50        9360     1       
9370   0.0000012501 4685.50        9370     1       
9380   0.0000012511 4690.50        9380     1       
9390   0.0000012534 4695.50        9390     1       
9400   0.0000012540 4700.50        9400     1       
9410   0.0000012550 4705.50        9410     1       
9420   0.0000012618 4710.50        9420     1       
9430   0.0000012627 4715.50        9430     1       
9440   0.0000012597 4720.50        9440     1       
9450   0.0000012596 4725.50        9450     1       
9460   0.0000012617 4730.50        9460     1       
9470   0.0000012621 4735.50        9470     1       
9480   0.0000012635 4740.50        9480     1       
9490   0.0000012659 4745.50        9490     1       
9500   0.0000012763 4750.50        9500     1       
9510   0.0000013131 4755.50        9510     1       
9520   0.0000012897 4760.50        9520     1       
9530   0.0000012715 4765.50        9530     1       
9540   0.0000012723 4770.50        9540     1       
9550   0.0000012730 4775.50        9550     1       
9560   0.0000012758 4780.50        9560     1       
9570   0.0000012767 4785.50        9570     1       
9580   0.0000012770 4790.50        9580     1       
9590   0.0000012903 4795.50        9590     1       
9600   0.0000012942 4800.50        9600     1       
9610   0.0000013752 4805.50        9610     1       
9620   0.0000012853 4810.50        9620     1       
9630   0.0000012866 4815.50        9630     1       
9640   0.0000012874 4820.50        9640     1       
9650   0.0000012993 4825.50        9650     1       
9660   0.0000012886 4830.50        9660     1       
9670   0.0000012897 4835.50        9670     1       
9680   0.0000012906 4840.50        9680     1       
9690   0.0000012949 4845.50        9690     1       
9700   0.0000013026 4850.50        9700     1       
9710   0.0000012999 4855.50        9710     1       
9720   0.0000012964 4860.50        9720     1       
9730   0.0000013001 4865.50        9730     1       
9740   0.0000012992 4870.50        9740     1       
9750   0.0000013022 4875.50        9750     1       
9760   0.0000013026 4880.50        9760     1       
9770   0.0000013046 4885.50        9770     1       
9780   0.0000013048 4890.50        9780     1       
9790   0.0000013049 4895.50        9790     1       
9800   0.0000013069 4900.50        9800     1       
9810   0.0000013099 4905.50        9810     1       
9820   0.0000013094 4910.50        9820     1       
9830   0.0000013104 4915.50        9830     1       
9840   0.0000013128 4920.50        9840     1       
9850   0.0000013135 4925.50        9850     1       
9860   0.0000013895 4930.50        9860     1       
9870   0.0000013380 4935.50        9870     1       
9880   0.0000013178 4940.50        9880     1       
9890   0.0000013186 4945.50        9890     1       
9900   0.0000013210 4950.50        9900     1       
9910   0.0000013220 4955.50        9910     1       
9920   0.0000013499 4960.50        9920     1       
9930   0.0000013266 4965.50        9930     1       
9940   0.0000013273 4970.50        9940     1       
9950   0.0000013275 4975.50        9950     1       
9960   0.0000013298 4980.50        9960     1       
9970   0.0000013314 4985.50        9970     1       
9980   0.0000013332 4990.50        9980     1       
9990   0.0000013323 4995.50        9990     1       
10000  0.0000013346 5000.50        10000    1       
