N      Time         Average_OB     Max_OB   Min_OB  
1      0.000005     0.00           0        0       
31     0.000647     449.34         465      329     
61     0.001973     1787.45        1830     1620    
91     0.003706     4030.91        4095     3795    
121    0.006431     7168.27        7260     6960    
151    0.007173     11201.57       11325    10622   
181    0.005355     16139.69       16290    15300   
211    0.006518     21988.61       22155    21335   
241    0.008193     28736.40       28920    27792   
271    0.010070     36340.22       36584    34505   
301    0.012117     44917.15       45150    43772   
331    0.014540     54366.38       54615    52724   
361    0.017018     64608.40       64980    62835   
391    0.019572     75881.75       76244    74354   
421    0.022525     88053.07       88410    85854   
451    0.024851     101130.00      101475   98919   
481    0.028907     115006.50      115437   111699  
511    0.031498     129815.26      130302   127302  
541    0.035490     145706.55      146070   144240  
571    0.038545     162205.03      162735   160844  
601    0.043656     179799.04      180294   177599  
631    0.047166     198226.96      198764   195990  
661    0.051381     217653.93      218127   215645  
691    0.056050     237788.48      238395   235235  
721    0.059923     258779.55      259560   255732  
751    0.066540     280915.12      281624   277797  
781    0.072836     303867.83      304580   301740  
811    0.078244     327712.08      328455   325295  
841    0.082904     352465.11      353214   349899  
871    0.089613     378053.15      378884   375399  
901    0.095173     404681.38      405450   401264  
931    0.099288     432003.62      432912   428355  
961    0.106539     460452.99      461274   458354  
991    0.111594     489624.45      490545   485792  
1021   0.118585     519731.39      520700   515957  
1051   0.126605     550757.10      551774   546825  
1081   0.134666     582767.44      583737   579180  
1111   0.141019     615610.81      616599   611949  
1141   0.151532     649424.44      650367   645420  
1171   0.156944     683927.31      685025   678930  
1201   0.165392     719642.35      720594   715449  
1231   0.173387     755878.96      757065   750510  
1261   0.182471     793279.61      794415   788652  
1291   0.191095     831349.12      832674   823917  
1321   0.202142     870587.60      871860   864720  
1351   0.209204     910838.20      911925   906672  
1381   0.216025     951628.73      952862   948137  
1411   0.226714     993564.96      994752   987852  
1441   0.235307     1036020.33     1037484  1030499 
1471   0.244732     1079804.34     1081185  1075299 
1501   0.254704     1124425.62     1125744  1118247 
1531   0.268082     1169714.54     1171209  1163955 
1561   0.281496     1215992.53     1217574  1209954 
1591   0.283681     1263311.71     1264844  1258629 
1621   0.301722     1311665.82     1313007  1307550 
1651   0.306309     1360590.06     1362072  1354325 
1681   0.318689     1410271.16     1412037  1401887 
1711   0.325515     1461206.68     1462904  1456119 
1741   0.335003     1512987.75     1514625  1508565 
1771   0.349477     1565635.53     1567335  1557882 
1801   0.356937     1619185.02     1620900  1614905 
1831   0.367816     1673460.19     1675350  1665635 
1861   0.382064     1728971.72     1730720  1719852 
1891   0.410066     1785356.05     1786974  1779614 
1921   0.406469     1842101.25     1844124  1834290 
1951   0.434842     1900368.36     1902222  1893840 
1981   0.440622     1959404.60     1961180  1952145 
2011   0.456726     2018954.01     2021052  2004945 
2041   0.469229     2080278.84     2081792  2073945 
2071   0.483135     2141202.62     2143457  2126832 
2101   0.499523     2204300.73     2206050  2193804 
2131   0.511428     2267331.07     2269509  2259504 
2161   0.522165     2331743.25     2333859  2323002 
2191   0.540273     2397225.95     2399109  2390499 
2221   0.553836     2463600.11     2465300  2454579 
2251   0.567690     2529889.05     2532360  2516085 
2281   0.589879     2598313.99     2600334  2588405 
2311   0.597029     2667006.99     2669177  2659475 
2341   0.621069     2736759.26     2738967  2728239 
2371   0.634370     2807880.75     2809625  2800044 
2401   0.646467     2878674.46     2881194  2865800 
2431   0.660924     2951134.12     2953665  2942787 
2461   0.681383     3024659.26     3026985  3015855 
2491   0.697165     3099118.03     3101267  3093914 
2521   0.713927     3173624.70     3176457  3164057 
2551   0.724522     3250250.58     3252524  3240435 
2581   0.752886     3327098.97     3329490  3315629 
2611   0.756362     3405251.15     3407345  3398310 
2641   0.763351     3483788.79     3486114  3472754 
2671   0.818091     3563291.77     3565785  3554460 
2701   0.820280     3643716.79     3646305  3635175 
2731   0.834349     3725179.00     3727812  3715095 
2761   0.870750     3807500.89     3810152  3800169 
2791   0.867522     3890423.72     3893444  3881969 
2821   0.883661     3974656.99     3977544  3965520 
2851   0.910989     4059984.92     4062669  4050894 
2881   0.914697     4146325.07     4148637  4138055 
2911   0.940403     4232758.57     4235499  4219574 
2941   0.963724     4320100.97     4323215  4309740 
2971   0.981671     4409590.40     4411929  4402755 
3001   0.995927     4498881.11     4501499  4488939 
3031   1.015063     4589257.33     4591950  4579875 
3061   1.048423     4680184.79     4683324  4667399 
3091   1.067785     4772674.57     4775504  4766684 
3121   1.083771     4865782.90     4868739  4853184 
3151   1.117788     4959405.76     4962822  4935330 
3181   1.148504     5055038.88     5057762  5046009 
3211   1.192284     5150037.77     5153652  5130435 
3241   1.225321     5247465.54     5250384  5236725 
3271   1.345024     5344640.53     5348075  5337059 
3301   1.201132     5443643.63     5446640  5430360 
3331   1.223290     5543348.28     5546087  5531409 
3361   1.242626     5642791.61     5646465  5626779 
3391   1.271084     5744517.00     5747679  5734865 
3421   1.311601     5846493.46     5849874  5830407 
3451   1.466898     5949611.87     5952947  5928222 
3481   1.607828     6053652.86     6056934  6039920 
3511   1.702701     6157962.66     6161790  6143660 
3541   1.593072     6263864.56     6267555  6247869 
3571   1.442399     6371361.90     6374220  6357764 
3601   1.526362     6478748.92     6481790  6466400 
3631   1.920718     6586810.25     6590255  6573612 
3661   1.679932     6696297.63     6699477  6686264 
3691   1.737585     6805705.69     6809775  6795360 
3721   1.762925     6917160.32     6921060  6901160 
3751   1.762017     7030117.24     7033115  7018074 
3781   1.749110     7142269.94     7146075  7126980 
3811   1.696666     7256273.61     7259954  7243845 
3841   1.617329     7371305.97     7374699  7357515 
3871   1.647886     7487260.57     7490364  7473732 
3901   1.668928     7603355.74     7606914  7590840 
3931   1.833356     7720921.49     7724360  7707024 
3961   1.922110     7839743.59     7842777  7826309 
3991   2.398079     7958292.58     7961990  7942542 
